44 50 48
61 106 52
19 47 4
77 108 77
43 45 110
57 90 36
41 100 94
87 109 81
19 36 73
86 92 54
27 100 23
57 90 11
24 60 85
25 87 59
49 70 54
46 90 6
68 92 25
2 76 92
9 39 13
73 93 5
68 99 84
26 89 89
41 64 93
87 93 14
44 73 4
20 40 13
46 60 25
36 98 37
11 98 30
56 60 72
21 86 2
56 65 94
91 98 97
2 11 298
38 108 91
100 106 20
25 84 49
59 67 10
69 107 77
18 103 77
61 93 14
97 107 4
4 23 65
5 103 57
88 97 37
51 91 81
40 59 44
4 87 36
41 75 2
69 101 62
6 106 6
41 63 89
87 90 11
19 72 80
10 62 18
67 75 35
67 108 25
69 98 63
97 103 91
72 89 67
16 105 97
15 102 25
33 98 74
15 36 32
42 61 15
79 110 22
96 105 1
3 97 12
51 91 46
39 65 21
82 109 22
10 98 15
41 101 54
81 86 33
30 105 36
48 89 84
39 102 74
46 85 29
63 71 12
65 91 47
21 81 85
48 99 22
9 34 72
59 60 92
38 57 81
3 106 28
19 45 21
75 102 17
88 94 15
98 101 60
24 67 56
20 57 76
29 71 93
89 101 58
6 73 60
72 103 86
31 40 9
57 94 13
7 40 58
38 50 50
